0000, 1
0001, 1
0002, 0
0003, 2048
0004, 0
0005, 10576
0006, 652
0007, 0
0008, 0
0009, 4
000a, 2048
000b, 0
000c, 0
000d, 0
000e, 4
000f, 0
0010, 0
0011, 0
0012, 0
0013, 0
0014, 0
0015, 1088
0016, 133
0017, 0
0018, 0
0019, 64
001a, 0
001b, 0
001c, 0
001d, 1088
001e, 69
001f, 0
0020, 21512
0021, 1311
0022, 2224
0023, 15616
0024, 0
0025, 0
0026, 0
0027, 0
0028, 624514
0029, 0
002a, 5525
002b, 0
002c, 0
002d, 0
002e, 0
002f, 975
0030, 0
0031, 1
0032, 0
0033, 0
0034, 0
0035, 0
0036, 0
0037, 0
0038, 0
0039, 0
003a, 0
003b, 0
003c, 650
003d, 13000
003e, 2308
003f, 0
0040, 0
0041, 0
0042, 0
0043, 0
0044, 4
0045, 0
0046, 0
0047, 654
0048, 0
0049, 0
004a, 0
004b, 0
004c, 0
004d, 4
004e, 0
004f, 0
0050, 0
0051, 0
0052, 0
0053, 0
0054, 0
0055, 0
0056, 0
0057, 0
0058, 0
0059, 0
005a, 0
005b, 0
005c, 0
005d, 0
005e, 0
005f, 0
0060, 0
0061, 0
0062, 0
0063, 0
0064, 0
0065, 0
0066, 0
0067, 0
0068, 0
0069, 0
006a, 0
006b, 0
006c, 0
006d, 0
006e, 0
006f, 0
0070, 0
0071, 0
0072, 0
0073, 0
0074, 0
0075, 0
0076, 0
0077, 0
0078, 325
0079, 0
007a, 0
007b, 0
007c, 0
007d, 0
007e, 5200
007f, 0
0080, 0
0081, 0
0082, 0
0083, 0
0084, 0
0085, 0
0086, 0
0087, 0
0088, 0
0089, 0
008a, 0
008b, 0
008c, 0
008d, 0
008e, 0
008f, 0
0090, 0
0091, 0
0092, 0
0093, 0
0094, 0
0095, 0
0096, 0
0097, 326
0098, 0
0099, 0
009a, 0
009b, 0
009c, 0
009d, 0
009e, 0
009f, 0
00a0, 325
00a1, 0
00a2, 0
00a3, 0
00a4, 0
00a5, 0
00a6, 0
00a7, 0
00a8, 0
00a9, 0
00aa, 0
00ab, 0
00ac, 0
00ad, 0
00ae, 0
00af, 0
00b0, 325
00b1, 0
00b2, 0
00b3, 0
00b4, 0
00b5, 0
00b6, 0
00b7, 0
00b8, 0
00b9, 0
00ba, 0
00bb, 0
00bc, 0
00bd, 0
00be, 0
00bf, 0
00c0, 0
00c1, 654
00c2, 6288
00c3, 651
00c4, 0
00c5, 654
00c6, 0
00c7, 0
00c8, 0
00c9, 1637
00ca, 6500
00cb, 2275
00cc, 0
00cd, 1637
00ce, 0
00cf, 0
00d0, 0
00d1, 68
00d2, 0
00d3, 0
00d4, 0
00d5, 68
00d6, 0
00d7, 0
00d8, 0
00d9, 325
00da, 0
00db, 0
00dc, 0
00dd, 0
00de, 0
00df, 0
00e0, 1309
00e1, 650
00e2, 0
00e3, 0
00e4, 0
00e5, 650
00e6, 2698
00e7, 0
00e8, 0
00e9, 0
00ea, 2938
00eb, 0
00ec, 0
00ed, 0
00ee, 0
00ef, 0
00f0, 4648
00f1, 1300
00f2, 0
00f3, 325
00f4, 0
00f5, 1300
00f6, 0
00f7, 0
00f8, 0
00f9, 0
00fa, 621265
00fb, 326
00fc, 0
00fd, 0
00fe, 629064
00ff, 0
0100, 0
0101, 0
0102, 0
0103, 0
0104, 0
0105, 0
0106, 0
0107, 0
0108, 0
0109, 0
010a, 0
010b, 0
010c, 0
010d, 0
010e, 0
010f, 0
0110, 0
0111, 0
0112, 0
0113, 0
0114, 0
0115, 0
0116, 0
0117, 0
0118, 0
0119, 0
011a, 0
011b, 0
011c, 0
011d, 0
011e, 0
011f, 0
0120, 0
0121, 0
0122, 0
0123, 0
0124, 0
0125, 0
0126, 0
0127, 0
0128, 0
0129, 0
012a, 0
012b, 0
012c, 0
012d, 0
012e, 0
012f, 0
0130, 0
0131, 0
0132, 0
0133, 0
0134, 0
0135, 0
0136, 325
0137, 0
0138, 0
0139, 0
013a, 0
013b, 0
013c, 0
013d, 0
013e, 0
013f, 0
0140, 0
0141, 0
0142, 0
0143, 0
0144, 0
0145, 0
0146, 325
0147, 0
0148, 0
0149, 0
014a, 0
014b, 0
014c, 0
014d, 0
014e, 325
014f, 0
0150, 0
0151, 0
0152, 0
0153, 0
0154, 0
0155, 0
0156, 0
0157, 0
0158, 0
0159, 0
015a, 0
015b, 0
015c, 0
015d, 0
015e, 0
015f, 0
0160, 0
0161, 0
0162, 0
0163, 0
0164, 0
0165, 0
0166, 325
0167, 0
0168, 0
0169, 0
016a, 0
016b, 0
016c, 0
016d, 0
016e, 325
016f, 0
0170, 0
0171, 0
0172, 0
0173, 0
0174, 0
0175, 0
0176, 325
0177, 0
0178, 0
0179, 0
017a, 0
017b, 0
017c, 0
017d, 0
017e, 325
017f, 0
0180, 0
0181, 0
0182, 0
0183, 0
0184, 0
0185, 0
0186, 0
0187, 0
0188, 0
0189, 0
018a, 0
018b, 0
018c, 0
018d, 0
018e, 0
018f, 0
0190, 0
0191, 0
0192, 0
0193, 0
0194, 0
0195, 0
0196, 0
0197, 0
0198, 0
0199, 0
019a, 0
019b, 0
019c, 0
019d, 0
019e, 0
019f, 0
01a0, 0
01a1, 0
01a2, 0
01a3, 0
01a4, 0
01a5, 0
01a6, 0
01a7, 0
01a8, 0
01a9, 0
01aa, 0
01ab, 0
01ac, 0
01ad, 0
01ae, 0
01af, 0
01b0, 0
01b1, 0
01b2, 0
01b3, 0
01b4, 0
01b5, 0
01b6, 0
01b7, 0
01b8, 0
01b9, 0
01ba, 0
01bb, 0
01bc, 0
01bd, 0
01be, 0
01bf, 0
01c0, 0
01c1, 0
01c2, 0
01c3, 0
01c4, 0
01c5, 0
01c6, 0
01c7, 0
01c8, 0
01c9, 0
01ca, 0
01cb, 0
01cc, 0
01cd, 0
01ce, 0
01cf, 0
01d0, 0
01d1, 0
01d2, 0
01d3, 0
01d4, 0
01d5, 0
01d6, 0
01d7, 0
01d8, 0
01d9, 0
01da, 0
01db, 0
01dc, 0
01dd, 0
01de, 0
01df, 0
01e0, 0
01e1, 0
01e2, 0
01e3, 0
01e4, 0
01e5, 0
01e6, 0
01e7, 0
01e8, 0
01e9, 0
01ea, 0
01eb, 0
01ec, 0
01ed, 0
01ee, 0
01ef, 0
01f0, 0
01f1, 0
01f2, 0
01f3, 0
01f4, 0
01f5, 0
01f6, 0
01f7, 0
01f8, 0
01f9, 0
01fa, 0
01fb, 0
01fc, 0
01fd, 0
01fe, 0
01ff, 0
